0
0
2
4
12
16
30
36
42
48
54
60
66
72
169
210
225
240
255
324
342
380
399
418
437
456
475
572
594
616
667
690
992
1024
1056
1088
1120
1152
1258
1292
1326
1360
1394
1428
1462
1672
1710
1748
1833
1872
1911
1950
1989
2028
2067
2106
2145
3080
3135
3190
3245
3300
3355
3720
3780
3840
3900
3960
4020
4080
4140
4410
5041
5112
5183
5254
5325
5396
5467
5538
5609
5680
5751
6232
6308
6384
6460
6536
6612
6688
6764
6840
6916
6992
7068
7144
7600
7680
8730
9506
9603
9700
9797
9894
9991
10088
10185
10282
10379
10476
10573
10670
10767
11200
11300
11400
11500
11600
12168
12272
12376
12480
12584
12688
12792
12896
13000
13104
13208
13312
13416
13520
13624
13728
13832
13936
16335
16456
16577
18630
18765
19740
19881
20022
20163
20304
20445
20586
20727
20868
21009
