0
0
1
2
5
5
10
13
13
14
16
17
17
20
32
46
46
47
61
78
80
98
98
99
114
114
122
143
153
158
180
185
216
245
246
271
297
328
361
389
392
400
431
445
466
503
516
552
590
598
627
630
657
662
699
724
757
811
863
882
883
908
960
1019
1023
1064
1073
1089
1108
1139
1170
1232
1302
1368
1407
1430
1477
1535
1582
1619
1628
1667
1705
1780
1811
1825
1900
1940
1976
2032
2057
2101
2111
2112
2167
2191
2270
2323
2412
2508
2581
2650
2660
2753
2765
2860
2894
2936
3021
3092
3108
3125
3187
3286
3328
3364
3406
3474
3577
3591
3599
3607
3651
3748
3827
3831
3915
4017
4098
4191
4199
4215
4288
4360
4382
4475
4595
4629
4747
4881
4929
5069
5072
5165
5225
5269
5326
5363
5439
5529
5644
