0
0
1
3
6
10
15
21
27
33
39
45
51
57
91
105
120
135
150
171
189
209
228
247
266
285
304
341
363
385
414
437
496
528
560
592
624
656
697
731
765
799
833
867
901
969
1007
1045
1092
1131
1170
1209
1248
1287
1326
1365
1404
1595
1650
1705
1760
1815
1870
1950
2010
2070
2130
2190
2250
2310
2370
2457
2556
2627
2698
2769
2840
2911
2982
3053
3124
3195
3266
3382
3458
3534
3610
3686
3762
3838
3914
3990
4066
4142
4218
4294
4440
4520
4725
4850
4947
5044
5141
5238
5335
5432
5529
5626
5723
5820
5917
6014
6111
6250
6350
6450
6550
6650
6812
6916
7020
7124
7228
7332
7436
7540
7644
7748
7852
7956
8060
8164
8268
8372
8476
8580
9075
9196
9317
9585
9720
9870
10011
10152
10293
10434
10575
10716
10857
10998
11139
